"id"	"plot"	"FFD"	"mean_temp"	"temp1"	"n_fr"	"total_seeds"	"seed_data"	"n_fruits"	"n_seeds"	"seeds_per_fr"	"diam1"	"diam2"	"nstems"	"nfl"	"maxh"	"medianh"	"area"
"1"	"H1"	"H01"	2017-06-21	19.6	19.4	8	269.3333333333	"yes"	8	269.3333333333	33.6666666666625	32	12	2	37	106	6.1	1206.37157897848
"2"	"H10"	"H01"	NA	21.2333333333333	22	NA	NA	NA	NA	NA	NA	45	29	0	1	55	2.1	4099.77841293468
"3"	"H11"	"H01"	NA	21.9666666666667	22.2	NA	NA	NA	NA	NA	NA	55	42	11	34	129	6.31	7257.07902979242
"4"	"H1100"	"HC4"	2017-07-07	5	5	5	187.5	"yes"	5	187.5	37.5	66	42	5	36	122	6	8708.49483575091
"5"	"H1101"	"HC4"	2017-06-25	4.6	4.6	44	2101	"yes"	44	2101	47.75	82	62	16	30	127	8	15971.8570508505
"6"	"H1102"	"HC4"	2017-06-25	5.9	5.9	25	1100	"yes"	25	1100	44	76	62	4	29	46	14	14803.1845837151
"7"	"H1103"	"HC4"	2017-07-01	6.3	6.3	9	354	"yes"	9	354	39.3333333333333	71	57	5	42	122	6	12714.0254690779
"8"	"H1104"	"HC4"	2017-07-30	5.6	5.6	NA	NA	NA	0	0	NA	83	70	0	1	101	3.3	18252.6533173567
"9"	"H1105"	"HC4"	NA	6.1	6.1	NA	NA	NA	NA	NA	NA	62	49	0	1	65	2	9544.15848160579
"10"	"H1106"	"HC4"	2017-07-04	6.7	6.7	1	14	"yes"	1	14	14	82	69	1	2	81	3.4	17775.131234011
"11"	"H1107"	"HC4"	2017-07-01	6.7	6.7	7	288.75	"yes"	7	288.75	41.25	14	73	2	38	128	7.3	3210.70769196877
"12"	"H1108"	"HC4"	2017-07-07	7	7	3	105	"yes"	3	105	35	35	32	1	24	103	6.2	3518.58377202057
"13"	"H1109"	"HC4"	2017-07-07	7.2	7.2	6	262	"yes"	6	262	43.6666666666667	71	32	2	37	12	9	7137.69850895601
"14"	"H1110"	"HC4"	2017-07-01	7.6	7.6	4	176	"yes"	4	176	44	55	27	2	32	20	8.8	4665.26509058084
"15"	"H1111"	"HC4"	2017-06-25	6.6	6.6	12	519	"yes"	12	519	43.25	81	46	4	10	20	10.5	11705.5742272756
"16"	"H1112"	"HC4"	NA	6	6	NA	NA	NA	NA	NA	NA	NA	NA	NA	NA	NA	NA	NA
"17"	"H1113"	"HC4"	2017-07-07	6	6	NA	NA	"no"	0	0	NA	32	27	1	2	58	2.5	2714.33605270158
"18"	"H1114"	"HC4"	2017-07-12	6.8	6.8	NA	NA	NA	0	0	NA	9	6	0	1	71	3	169.646003293849
"19"	"H1115"	"HC4"	2017-07-04	7	7	1	16	"yes"	1	16	16	1	11	1	2	94	5.5	34.5575191894877
"20"	"H1116"	"HC4"	2017-06-25	6.6	6.6	NA	NA	"no"	0	0	NA	29	11	1	37	43	15.2	1002.16805649514
"21"	"H1117"	"HC4"	2017-06-25	5	5	14	619.5	"yes"	14	619.5	44.25	59	51	3	8	18	10.2	9453.05229465169
"22"	"H1118"	"HC4"	2017-07-01	5.9	5.9	14	521.5	"yes"	14	521.5	37.25	4	32	2	36	28	10	402.123859659494
"23"	"H1119"	"HC4"	2017-06-14	6	6	17	473.1666666667	"yes"	17	473.1666666667	27.8333333333353	44	30	4	14	25	8	4146.90230273853
"24"	"H1120"	"HC4"	2017-06-25	4.8	4.8	NA	NA	NA	0	0	NA	NA	NA	NA	NA	NA	NA	NA
"25"	"H1121"	"HC4"	NA	5.7	5.7	NA	NA	NA	NA	NA	NA	76	51	6	1	130	9	12176.813125314
"26"	"H1122"	"HC4"	2017-06-25	6.4	6.4	NA	NA	"no"	0	0	NA	37	18	1	24	119	7.5	2092.3007072908
"27"	"H1123"	"HC4"	2017-06-25	8	8	4	102.6666666667	"yes"	4	102.6666666667	25.666666666675	48	11	2	32	83	3	1658.76092109541
"28"	"H1124"	"HC5"	2017-06-25	6.4	6.4	3	85.5	"yes"	3	85.5	28.5	55	27	2	24	33	11.7	4665.26509058084
"29"	"H1125"	"HC5"	2017-07-07	6.3	6.3	1	43	"yes"	1	43	43	33	30	1	2	75	3.5	3110.1767270539
"30"	"H1126"	"HC5"	NA	6.4	6.4	NA	NA	NA	NA	NA	NA	59	42	4	1	127	9	7784.86659559551
"31"	"H1127"	"HC5"	NA	7	7	NA	NA	NA	NA	NA	NA	52	19	0	1	89	3.2	3103.89354174672
"32"	"H1128"	"HC5"	NA	6.7	6.7	NA	NA	NA	NA	NA	NA	9	5	0	1	79	3.2	141.371669411541
"33"	"H1129"	"HC5"	2017-07-01	8	8	2	58	"yes"	2	58	29	29	6	1	15	103	6.2	546.637121724624
"34"	"H1130"	"HC5"	2017-06-25	7.6	7.6	4	112	"yes"	4	112	28	55	42	3	32	86	4.0666666667	7257.07902979242
"35"	"H1131"	"HC5"	NA	7.3	7.3	NA	NA	NA	NA	NA	NA	8	16	0	1	62	2.1	402.123859659494
"36"	"H1132"	"HC5"	2017-07-07	8.1	8.1	NA	NA	NA	0	0	NA	55	42	3	39	76	3.5	7257.07902979242
"37"	"H1133"	"HC5"	2017-06-25	8.4	8.4	16	565.3333333333	"yes"	16	565.3333333333	35.3333333333312	6	12	1	24	96	5.7	226.194671058465
"38"	"H1134"	"HC5"	2017-07-01	8.4	8.4	3	92	"yes"	3	92	30.6666666666667	32	29	1	24	104	6.3	2915.39798253133
"39"	"H1135"	"HC5"	2017-07-22	8.4	8.4	NA	NA	NA	0	0	NA	41	36	0	1	66	2.6	4636.99075669853
"40"	"H1136"	"HC5"	2017-06-25	7.7	7.7	6	181.5	"yes"	6	181.5	30.25	55	27	2	37	87	3.2	4665.26509058084
"41"	"H1137"	"HC5"	2017-07-07	6.7	6.7	10	336.6666666667	"yes"	10	336.6666666667	33.66666666667	55	42	2	39	113	6.2	7257.07902979242
"42"	"H1138"	"HC5"	2017-07-01	8.1	8.1	3	112	"yes"	3	112	37.3333333333333	44	27	1	24	56	2.2	3732.21207246467
"43"	"H1139"	"HC5"	2017-07-30	7.8	7.8	NA	NA	NA	0	0	NA	10	17	1	2	8	1.7	534.070751110265
"44"	"H1140"	"HC5"	2017-07-01	7.9	7.9	3	102	"yes"	3	102	34	59	27	1	24	25	12.1	5004.55709716854
"45"	"H1141"	"HC5"	NA	7.7	7.7	NA	NA	NA	NA	NA	NA	52	49	0	1	63	2	8004.77808134679
"46"	"H1142"	"HC5"	2017-07-01	7.5	7.5	2	48	"yes"	2	48	24	35	27	1	15	96	5.7	2968.80505764235
"47"	"H1143"	"HC5"	NA	8	8	NA	NA	NA	NA	NA	NA	29	21	0	1	80	3.3	1913.22992603618
"48"	"H1144"	"HC5"	2017-06-14	6.9	6.9	13	572	"yes"	13	572	44	80	57	3	39	120	6.9	14325.6625003695
"49"	"H1145"	"HC5"	NA	8	8	NA	NA	NA	NA	NA	NA	75	56	0	1	6	1	13194.6891450771
"50"	"H1146"	"HC5"	2017-07-01	7.5	7.5	NA	NA	NA	0	0	NA	6	3	1	24	94	5.5	56.5486677646163
"51"	"H1147"	"HC5"	2017-06-25	7.8	7.8	9	297	"yes"	9	297	33	71	46	3	42	28	10.9	10260.4416066243
"52"	"H1148"	"HC5"	2017-07-15	8	8	1	30	"yes"	1	30	30	64	42	1	24	82	3.5	8444.60105284936
"53"	"H1149"	"HC5"	2017-06-14	7	7	3	102	"yes"	3	102	34	36	30	1	32	95	5.6	3392.92006587698
"54"	"H1150"	"HC5"	2017-07-01	7.3	7.3	NA	NA	NA	0	0	NA	44	27	1	24	115	7.3	3732.21207246467
"55"	"H1151"	"HC5"	2017-07-01	6	6	19	764.75	"yes"	19	764.75	40.25	63	27	3	7	29	11.2333333333	5343.84910375624
"56"	"H1152"	"HC5"	NA	6.8	6.8	NA	NA	NA	NA	NA	NA	39	35	0	1	100	5.6	4288.27397215007
"57"	"H1153"	"HC5"	2017-06-25	7	7	5	85	"yes"	5	85	17	55	42	2	36	32	10.4	7257.07902979242
"58"	"H1154"	"HC6"	2017-06-25	7.2	7.2	10	420	"yes"	10	420	42	55	6	2	3	23	6.7	1036.72557568463
"59"	"H1155"	"HC6"	2017-06-15	7	7	3	92	"yes"	3	92	30.6666666666667	NA	NA	1	24	127	9	NA
"60"	"H1156"	"HC6"	2017-06-25	7.4	7.4	9	319.5	"yes"	9	319.5	35.5	44	57	1	37	127	9	7879.1143752032
"61"	"H1157"	"HC6"	NA	7	7	NA	NA	NA	NA	NA	NA	53	35	0	1	79	3.2	5827.65437240907
"62"	"H1158"	"HC6"	2017-06-25	7	7	7	337.75	"yes"	7	337.75	48.25	6	2	1	24	87	4.5	37.6991118430775
"63"	"H1159"	"HC6"	NA	7	7	NA	NA	NA	NA	NA	NA	NA	NA	NA	NA	NA	NA	NA
"64"	"H1160"	"HC6"	NA	6.6	6.6	NA	NA	NA	NA	NA	NA	9	17	0	1	8	1.7	480.663675999238
"65"	"H1161"	"HC6"	NA	7	7	NA	NA	NA	NA	NA	NA	11	15	0	1	7	1.4	518.362787842316
"66"	"H1162"	"HC6"	2017-06-25	7.4	7.4	8	228	"yes"	8	228	28.5	43	41	1	39	32	13	5538.62784827881
"67"	"H1163"	"HC6"	NA	6.7	6.7	NA	NA	NA	NA	NA	NA	NA	NA	NA	NA	NA	NA	NA
"68"	"H1164"	"HC6"	NA	6.7	6.7	NA	NA	NA	NA	NA	NA	NA	NA	NA	NA	NA	NA	NA
"69"	"H1165"	"HC6"	NA	7.1	7.1	NA	NA	NA	NA	NA	NA	NA	NA	NA	NA	NA	NA	NA
"70"	"H1166"	"HC6"	NA	6.7	6.7	NA	NA	NA	NA	NA	NA	NA	NA	NA	NA	NA	NA	NA
"71"	"H1167"	"HC6"	NA	7	7	NA	NA	NA	NA	NA	NA	NA	NA	NA	NA	NA	NA	NA
"72"	"H1168"	"HC6"	2017-06-25	7	7	3	106.5	"yes"	3	106.5	35.5	29	13	1	32	125	8.8	1184.38043040335
"73"	"H1169"	"HC6"	2017-07-01	7.1	7.1	2	70	"yes"	2	70	35	30	10	1	15	84	4.1	942.477796076938
"74"	"H1170"	"HC6"	2017-07-15	7	7	NA	NA	NA	0	0	NA	68	37	0	1	99	4	7904.24711643192
"75"	"H1171"	"HC6"	2017-06-25	7.2	7.2	17	616.25	"yes"	17	616.25	36.25	77	43	7	14	35	10	10401.8132760358
"76"	"H1172"	"HC6"	2017-06-25	7.2	7.2	4	98.6666666667	"yes"	4	98.6666666667	24.666666666675	NA	NA	1	32	102	6	NA
"77"	"H1173"	"HC6"	2017-06-25	7.1	7.1	20	488	"yes"	20	488	24.4	80	57	5	16	32	10	14325.6625003695
"78"	"H1174"	"HC6"	NA	6.7	6.7	NA	NA	NA	NA	NA	NA	NA	NA	NA	NA	NA	NA	NA
"79"	"H1175"	"HC6"	NA	7.4	7.4	NA	NA	NA	NA	NA	NA	NA	NA	NA	NA	NA	NA	NA
"80"	"H1176"	"HC6"	NA	7.1	7.1	NA	NA	NA	NA	NA	NA	NA	NA	NA	NA	NA	NA	NA
"81"	"H1177"	"HC6"	2017-07-01	7.3	7.3	NA	NA	"no"	0	0	NA	73	32	1	15	94	5.5	7338.76043878576
"82"	"H1178"	"HC6"	2017-07-07	7.6	7.6	7	164.5	"yes"	7	164.5	23.5	45	42	2	38	105	5.6	5937.61011528471
"83"	"H1179"	"HC6"	NA	8.7	8.7	NA	NA	NA	NA	NA	NA	29	27	0	1	91	5	2459.86704776081
"84"	"H1180"	"HC6"	NA	8	8	NA	NA	NA	NA	NA	NA	NA	NA	NA	NA	NA	NA	NA
"85"	"H1181"	"HC6"	NA	8	8	NA	NA	NA	NA	NA	NA	74	40	0	1	91	6	9299.11425462579
"86"	"H1182"	"HC6"	2017-07-01	8.2	8.2	4	90.6666666667	"yes"	4	90.6666666667	22.666666666675	NA	NA	NA	NA	NA	NA	NA
"87"	"H1183"	"HC6"	2017-07-01	7.7	7.7	5	110	"yes"	5	110	22	46	33	1	32	93	5.4	4768.93764814931
"88"	"H12"	"H01"	2017-06-21	21.1	21.7	4	141	"yes"	4	141	35.25	44	32	1	32	120	8	4423.36245625443
"89"	"H13"	"H01"	2017-06-21	21.8666666666667	22.6	4	126	"yes"	4	126	31.5	56	48	2	32	98	4.15	8444.60105284936
"90"	"H14"	"H01"	2017-06-12	26.2333333333333	24.7	NA	NA	NA	0	0	NA	64	45	1	36	94	5.5	9047.7868423386
"91"	"H15"	"H01"	NA	27.7666666666667	24.7	NA	NA	NA	NA	NA	NA	24	22	0	1	86	4.4	1658.76092109541
"92"	"H16"	"H01"	NA	24.3333333333333	24.7	NA	NA	NA	NA	NA	NA	NA	NA	NA	NA	NA	NA	NA
"93"	"H17"	"H01"	2017-06-27	23.7333333333333	24	NA	NA	NA	0	0	NA	48	34	6	17	116	7	5127.07921065854
"94"	"H18"	"H01"	NA	24.4666666666667	24.4	NA	NA	NA	NA	NA	NA	80	57	0	1	75	3.5	14325.6625003695
"95"	"H19"	"H01"	2017-06-21	20.4666666666667	20	50	1950	"yes"	50	1950	39	61	32	12	35	121	8.2	6132.38885980728
"96"	"H2"	"H01"	NA	22.7333333333333	23.3	NA	NA	NA	NA	NA	NA	NA	NA	NA	NA	NA	NA	NA
"97"	"H20"	"H01"	2017-06-05	20.2333333333333	21.8	87	3828	"yes"	87	3828	44	65	52	21	9	40	7.7	10618.5831691335
"98"	"H21"	"H01"	2017-06-21	18.8666666666667	19.4	NA	NA	"no"	0	0	NA	48	44	5	23	16	7.14	6635.04368438164
"99"	"H22"	"H01"	2017-07-02	19.8	20.7	NA	NA	NA	0	0	NA	57	47	5	39	64	1.5	8416.32671896706
"100"	"H23"	"H01"	2017-07-02	17.8	17.7	4	80	"yes"	4	80	20	47	13	1	24	78	3.9	1919.51311134336
"101"	"H24"	"H01"	2017-06-21	18.8666666666667	20	7	231	"yes"	7	231	33	72	52	2	36	105	4.55	11762.1228950402
"102"	"H25"	"H01"	2017-07-22	21.7333333333333	23	NA	NA	NA	0	0	NA	81	64	9	6	75	2.5	16286.0163162095
"103"	"H26"	"H01"	2017-06-05	31.1333333333333	34	29	913.5	"yes"	29	913.5	31.5	NA	NA	NA	NA	NA	NA	NA
"104"	"H27"	"H01"	NA	29.7333333333333	29.6	NA	NA	NA	NA	NA	NA	NA	NA	NA	NA	NA	NA	NA
"105"	"H28"	"H01"	2017-06-21	27.9666666666667	28.5	NA	NA	"no"	0	0	NA	NA	NA	NA	NA	NA	NA	NA
"106"	"H29"	"H01"	NA	17.1666666666667	17.8	NA	NA	NA	NA	NA	NA	NA	NA	NA	NA	NA	NA	NA
"107"	"H3"	"H01"	2017-06-27	33.3333333333333	33	NA	NA	NA	0	0	NA	32	28	1	2	73	3.2	2814.86701761645
"108"	"H30"	"H01"	2017-06-21	16.3	17	4	124	"yes"	4	124	31	NA	NA	NA	NA	NA	NA	NA
"109"	"H31"	"H02"	2017-07-27	17.4	18.7	2	44	"yes"	2	44	22	NA	NA	NA	NA	NA	NA	NA
"110"	"H316"	"H08"	NA	12.2666666666667	11.2	NA	NA	NA	NA	NA	NA	NA	NA	NA	NA	NA	NA	NA
"111"	"H317"	"H08"	2017-06-27	13.0666666666667	12	11	421.6666666667	"yes"	11	421.6666666667	38.3333333333364	NA	NA	NA	NA	NA	NA	NA
"112"	"H318"	"H08"	NA	13.8666666666667	13	NA	NA	NA	NA	NA	NA	NA	NA	NA	NA	NA	NA	NA
"113"	"H319"	"H08"	2017-07-16	13.7	12.6	3	111	"yes"	3	111	37	NA	NA	NA	NA	NA	NA	NA
"114"	"H32"	"H02"	2017-06-26	19.3666666666667	21.7	7	154	"yes"	7	154	22	NA	NA	NA	NA	NA	NA	NA
"115"	"H320"	"H08"	2017-06-21	14.2	13.6	4	157.3333333333	"yes"	4	157.3333333333	39.333333333325	NA	NA	NA	NA	NA	NA	NA
"116"	"H321"	"H08"	NA	13.2	12.7	NA	NA	NA	NA	NA	NA	NA	NA	NA	NA	NA	NA	NA
"117"	"H322"	"H08"	2017-06-21	15.4	14.9	2	32	"yes"	2	32	16	NA	NA	1	15	83	4	NA
"118"	"H323"	"H08"	2017-06-21	15.3333333333333	15.5	16	652	"yes"	16	652	40.75	13	57	11	22	127	8.5	2327.92015631004
"119"	"H324"	"H08"	NA	15.8666666666667	16.4	NA	NA	NA	NA	NA	NA	32	27	0	1	74	3.3	2714.33605270158
"120"	"H325"	"H08"	NA	16.1	16.8	NA	NA	NA	NA	NA	NA	45	29	0	1	72	3.1	4099.77841293468
"121"	"H326"	"H08"	NA	16.6333333333333	17.1	NA	NA	NA	NA	NA	NA	34	28	0	1	74	3.3	2990.79620621748
"122"	"H327"	"H08"	NA	17.1666666666667	17	NA	NA	NA	NA	NA	NA	45	27	0	1	3	1.7	3817.0350741116
"123"	"H328"	"H08"	NA	17.3333333333333	17.8	NA	NA	NA	NA	NA	NA	NA	NA	NA	NA	NA	NA	NA
"124"	"H329"	"H08"	NA	18.3	18.6	NA	NA	NA	NA	NA	NA	78	54	0	1	73	3.2	13232.3882569202
"125"	"H33"	"H02"	2017-07-03	15.0333333333333	17.6	NA	NA	NA	0	0	NA	NA	NA	NA	NA	NA	NA	NA
"126"	"H330"	"H08"	NA	17.8666666666667	17.8	NA	NA	NA	NA	NA	NA	34	29	0	1	88	4.6	3097.61035643954
"127"	"H331"	"H08"	NA	19.7333333333333	20.3	NA	NA	NA	NA	NA	NA	46	42	0	1	77	3.8	6069.55700673548
"128"	"H332"	"H08"	NA	21.0333333333333	21.9	NA	NA	NA	NA	NA	NA	13	67	0	1	94	5.5	2736.32720127671
"129"	"H333"	"H08"	2017-06-12	20.5666666666667	21.6	4	113	"yes"	4	113	28.25	16	22	24	4	47	10	1105.84061406361
"130"	"H334"	"H08"	2017-07-03	18.9666666666667	20.4	NA	NA	NA	0	0	NA	64	57	1	1	94	5.5	11460.5300002956
"131"	"H335"	"H08"	2017-06-12	18	18.6	NA	NA	"no"	0	0	NA	44	6	1	39	32	13	829.380460547705
"132"	"H336"	"H08"	2017-06-21	17.4	17.4	2	59	"yes"	2	59	29.5	44	1	1	32	24	12	138.230076757951
"133"	"H337"	"H08"	2017-06-21	18	18.7	19	817	"yes"	19	817	43	76	51	4	16	42	10	12176.813125314
"134"	"H338"	"H08"	2017-06-27	20.1	20.9	6	108	"yes"	6	108	18	44	46	1	37	94	5.5	6358.58353086574
"135"	"H339"	"H08"	NA	17.8	17.8	NA	NA	NA	NA	NA	NA	48	42	0	1	83	4	6333.45078963702
"136"	"H34"	"H02"	2017-06-19	14.5333333333333	16.7	NA	NA	"no"	0	0	NA	NA	NA	NA	NA	NA	NA	NA
"137"	"H340"	"H08"	2017-06-21	18.8666666666667	18.9	11	360.25	"yes"	11	360.25	32.75	29	32	3	10	127	7.5	2915.39798253133
"138"	"H341"	"H08"	2017-06-21	17.7	18.1	36	1395	"yes"	36	1395	38.75	55	53	7	28	32	11	9157.74258521425
"139"	"H342"	"H08"	2017-07-07	14.9	15.1	15	517.5	"yes"	15	517.5	34.5	17	64	4	11	21	8	3418.0528071057
"140"	"H343"	"H08"	NA	13.9333333333333	13	NA	NA	NA	NA	NA	NA	33	30	0	1	60	2.7	3110.1767270539
"141"	"H344"	"H08"	2017-06-27	13.4666666666667	12.6	4	138.6666666667	"yes"	4	138.6666666667	34.666666666675	29	11	1	32	106	6.5	1002.16805649514
"142"	"H345"	"H08"	2017-06-27	12.4333333333333	11	23	879.75	"yes"	23	879.75	38.25	71	42	4	12	44	9	9368.22929300476
"143"	"H346"	"H09"	2017-06-27	9.9	9	1	NA	"no"	1	NA	NA	5	6	1	15	58	2.5	94.2477796076938
"144"	"H347"	"H09"	2017-06-27	10.3	9.2	3	124	"yes"	3	124	41.3333333333333	3	8	1	32	102	6	75.398223686155
"145"	"H348"	"H09"	NA	10.6	9.2	NA	NA	NA	NA	NA	NA	36	28	0	1	57	2.3	3166.72539481851
"146"	"H349"	"H09"	2017-07-07	10.8333333333333	9.2	4	94.6666666667	"yes"	4	94.6666666667	23.666666666675	34	27	2	32	132	8.8	2883.98205599543
"147"	"H35"	"H02"	NA	12.3666666666667	13.4	NA	NA	NA	NA	NA	NA	NA	NA	NA	NA	NA	NA	NA
"148"	"H350"	"H09"	2017-07-12	10.8333333333333	9.4	2	10	"yes"	2	10	5	55	27	1	15	87	4.5	4665.26509058084
"149"	"H351"	"H09"	NA	10.8333333333333	9.5	NA	NA	NA	NA	NA	NA	55	29	0	1	61	2.9	5010.84028247572
"150"	"H352"	"H09"	2017-07-01	10.7666666666667	9.2	3	60	"yes"	3	60	20	44	6	1	24	102	6	829.380460547705
"151"	"H353"	"H09"	2017-07-01	10.6666666666667	9	7	70	"yes"	7	70	10	80	62	3	38	120	7.4	15582.2995618054
"152"	"H354"	"H09"	2017-06-21	10.6	9.1	8	94	"yes"	8	94	11.75	73	53	3	42	28	8.2	12154.8219767389
"153"	"H355"	"H09"	2017-07-07	10.6	9.4	2	56	"yes"	2	56	28	35	30	1	15	104	6.3	3298.67228626928
"154"	"H356"	"H09"	2017-06-27	10.6333333333333	9.1	28	490	"yes"	28	490	17.5	55	57	7	22	127	8	9848.892969004
"155"	"H357"	"H09"	2017-07-01	10.6	9	8	194	"yes"	8	194	24.25	44	42	1	32	102	6	5805.66322383394
"156"	"H358"	"H09"	2017-06-27	10.4333333333333	9	9	417	"yes"	9	417	46.3333333333333	23	73	4	42	14	5	5274.73406537726
"157"	"H359"	"H09"	2017-06-21	10.4333333333333	8.9	9	186.75	"yes"	9	186.75	20.75	4	32	2	42	18	10.5	402.123859659494
"158"	"H36"	"H02"	NA	12.4333333333333	12	NA	NA	NA	NA	NA	NA	NA	NA	NA	NA	NA	NA	NA
"159"	"H360"	"H09"	2017-06-27	10.4	8.7	12	231	"yes"	12	231	19.25	76	57	4	6	38	10	13609.379375351
"160"	"H361"	"H09"	2017-07-07	10.7333333333333	9.2	2	67	"yes"	2	67	33.5	48	27	1	15	102	6	4071.50407905237
"161"	"H362"	"H09"	NA	10.8	9.4	NA	NA	NA	NA	NA	NA	31	27	0	1	4	1.9	2629.51305105466
"162"	"H363"	"H09"	2017-06-27	10.7333333333333	9.2	5	155	"yes"	5	155	31	4	27	1	36	102	6	339.292006587698
"163"	"H364"	"H09"	NA	10.8	9.6	NA	NA	NA	NA	NA	NA	5	4	0	1	1	0.8	62.8318530717959
"164"	"H365"	"H09"	2017-06-21	10.4666666666667	9.4	4	85	"yes"	4	85	21.25	71	27	2	32	121	7.6	6022.43311693163
"165"	"H366"	"H09"	2017-06-27	10.5333333333333	9.5	3	55	"yes"	3	55	18.3333333333333	33	29	1	24	122	8.5	3006.50416948543
"166"	"H367"	"H09"	NA	10.3666666666667	9.4	NA	NA	NA	NA	NA	NA	36	31	0	1	56	2.2	3506.01740140621
"167"	"H368"	"H09"	2017-07-16	10.2333333333333	9.1	2	28	"yes"	2	28	14	3	7	1	2	2	1.3	65.9734457253857
"168"	"H369"	"H09"	NA	10.3	8.9	NA	NA	NA	NA	NA	NA	NA	NA	NA	NA	NA	NA	NA
"169"	"H37"	"H02"	2017-06-26	13.9666666666667	14.6	NA	NA	"no"	0	0	NA	NA	NA	NA	NA	NA	NA	NA
"170"	"H370"	"H09"	2017-06-12	9.5	8.6	6	164	"yes"	6	164	27.3333333333333	36	11	2	37	120	7.5	1244.07069082156
"171"	"H371"	"H09"	NA	10	8.8	NA	NA	NA	NA	NA	NA	59	30	0	1	55	2.1	5560.61899685393
"172"	"H372"	"H09"	2017-07-07	9.96666666666667	8.8	4	153.3333333333	"yes"	4	153.3333333333	38.333333333325	33	29	1	24	83	4	3006.50416948543
"173"	"H373"	"H09"	2017-06-27	10.3666666666667	9.1	3	42	"yes"	3	42	14	36	27	1	24	94	5.5	3053.62805928928
"174"	"H374"	"H09"	NA	10.4333333333333	9.4	NA	NA	NA	NA	NA	NA	5	11	0	1	5	1.1	172.787595947439
"175"	"H375"	"H09"	NA	10.7333333333333	9.5	NA	NA	NA	NA	NA	NA	NA	NA	NA	NA	NA	NA	NA
"176"	"H376"	"H10"	NA	24.6	25.2	NA	NA	NA	NA	NA	NA	NA	NA	NA	NA	NA	NA	NA
"177"	"H377"	"H10"	NA	22	20.7	NA	NA	NA	NA	NA	NA	75	27	0	1	110	4	6361.72512351933
"178"	"H378"	"H10"	2017-06-26	24.5333333333333	24.3	8	173.3333333333	"yes"	8	173.3333333333	21.6666666666625	64	46	2	42	132	8.6	9248.84877216835
"179"	"H379"	"H10"	2017-07-10	19.9333333333333	20	5	210	"yes"	5	210	42	NA	NA	NA	NA	NA	NA	NA
"180"	"H38"	"H02"	2017-06-26	13.8	15.4	NA	NA	"no"	0	0	NA	NA	NA	NA	NA	NA	NA	NA
"181"	"H380"	"H10"	2017-06-26	19.8666666666667	19.7	6	300	"yes"	6	300	50	58	48	1	37	21	11.5	8746.19394759398
"182"	"H381"	"H10"	NA	19.1	19.5	NA	NA	NA	NA	NA	NA	76	57	0	1	109	5.5	13609.379375351
"183"	"H382"	"H10"	NA	17.7333333333333	17.6	NA	NA	NA	NA	NA	NA	76	65	0	1	31	10	15519.4677087336
"184"	"H383"	"H10"	NA	20.4666666666667	21	NA	NA	NA	NA	NA	NA	51	42	0	1	111	3.5	6729.29146398934
"185"	"H384"	"H10"	2017-06-26	21.3333333333333	22.4	4	182	"yes"	4	182	45.5	44	32	1	32	127	9	4423.36245625443
"186"	"H385"	"H10"	2017-06-19	24.3	26.6	NA	NA	NA	0	0	NA	82	68	4	10	34	11	17517.5206364167
"187"	"H386"	"H10"	2017-07-16	23.5	23.5	3	57	"yes"	3	57	19	55	38	1	24	126	8.1	6565.92864600267
"188"	"H387"	"H10"	2017-06-19	26.8333333333333	25.3	NA	NA	NA	0	0	NA	19	63	3	42	98	5.6333333333	3760.48640634698
"189"	"H388"	"H10"	NA	25.5	22.3	NA	NA	NA	NA	NA	NA	40	27	0	1	81	3.4	3392.92006587698
"190"	"H389"	"H10"	NA	24.4666666666667	22.4	NA	NA	NA	NA	NA	NA	NA	NA	NA	NA	NA	NA	NA
"191"	"H39"	"H02"	2017-07-17	16.8666666666667	18.8	NA	NA	NA	0	0	NA	NA	NA	NA	NA	NA	NA	NA
"192"	"H390"	"H10"	2017-06-19	21.8333333333333	21.8	19	710.6	"yes"	19	710.6	37.4	76	62	7	18	124	7	14803.1845837151
"193"	"H391"	"H10"	2017-06-19	22.7666666666667	20.5	20	445	"yes"	20	445	22.25	76	64	8	19	103	5	15280.7066670608
"194"	"H392"	"H10"	2017-06-26	20.7666666666667	18	4	128	"yes"	4	128	32	60	32	1	32	60	2.7	6031.8578948924
"195"	"H393"	"H10"	2017-06-19	22.3666666666667	19	8	NA	"no"	8	NA	NA	22	58	4	5	97	3.25	4008.67222598058
"196"	"H394"	"H10"	2017-07-03	12.2666666666667	12	3	82	"yes"	3	82	27.3333333333333	33	6	1	24	85	4.2	622.035345410779
"197"	"H395"	"H10"	NA	12.6	12	NA	NA	NA	NA	NA	NA	29	19	1	2	82	3.5	1731.01755212798
"198"	"H396"	"H10"	2017-06-26	10.6333333333333	10.7	9	76.5	"yes"	9	76.5	8.5	32	27	1	37	15	6	2714.33605270158
"199"	"H397"	"H10"	2017-06-19	11.5	11.3	NA	NA	NA	0	0	NA	NA	NA	NA	NA	NA	NA	NA
"200"	"H398"	"H10"	NA	23.5666666666667	24	NA	NA	NA	NA	NA	NA	NA	NA	NA	NA	NA	NA	NA
"201"	"H399"	"H10"	2017-06-19	19.4666666666667	19.9	6	177	"yes"	6	177	29.5	76	51	2	42	24	8.7	12176.813125314
"202"	"H4"	"H01"	2017-06-21	24.3333333333333	25	NA	NA	NA	0	0	NA	30	14	1	37	107	6.6	1319.46891450771
"203"	"H40"	"H02"	2017-07-17	21.5333333333333	24.7	NA	NA	NA	0	0	NA	NA	NA	NA	NA	NA	NA	NA
"204"	"H400"	"H04"	2017-07-02	17.8666666666667	18	9	357.75	"yes"	9	357.75	39.75	NA	NA	NA	NA	NA	NA	NA
"205"	"H401"	"H04"	2017-06-26	14.6666666666667	15	NA	NA	"no"	0	0	NA	NA	NA	NA	NA	NA	NA	NA
"206"	"H402"	"H04"	2017-07-02	17.4333333333333	17.8	NA	NA	"no"	0	0	NA	NA	NA	NA	NA	NA	NA	NA
"207"	"H403"	"H04"	2017-06-26	11.8	11.7	33	1221	"yes"	33	1221	37	NA	NA	NA	NA	NA	NA	NA
"208"	"H404"	"H04"	2017-06-26	11.3666666666667	11.3	12	270	"yes"	12	270	22.5	NA	NA	NA	NA	NA	NA	NA
"209"	"H405"	"H04"	2017-06-19	11.6666666666667	11.3	27	945	"yes"	27	945	35	NA	NA	NA	NA	NA	NA	NA
"210"	"H406"	"H04"	NA	14.3333333333333	14.7	NA	NA	NA	NA	NA	NA	NA	NA	NA	NA	NA	NA	NA
"211"	"H407"	"H04"	2017-06-19	15.0666666666667	14.9	7	302.75	"yes"	7	302.75	43.25	NA	NA	NA	NA	NA	NA	NA
"212"	"H408"	"H04"	2017-06-19	11.8666666666667	11.8	31	341	"yes"	31	341	11	NA	NA	NA	NA	NA	NA	NA
"213"	"H409"	"H04"	2017-07-02	11.9666666666667	12	5	65	"yes"	5	65	13	NA	NA	NA	NA	NA	NA	NA
"214"	"H41"	"H02"	2017-07-03	17.6333333333333	18.6	67	3584.5	"yes"	67	3584.5	53.5	NA	NA	NA	NA	NA	NA	NA
"215"	"H410"	"H04"	2017-07-25	23.8	27.9	4	172	"yes"	4	172	43	NA	NA	NA	NA	NA	NA	NA
"216"	"H411"	"H04"	2017-07-16	20.8	24.5	6	183	"yes"	6	183	30.5	NA	NA	NA	NA	NA	NA	NA
"217"	"H412"	"H04"	2017-07-22	22.6333333333333	28.6	NA	NA	NA	0	0	NA	NA	NA	NA	NA	NA	NA	NA
"218"	"H413"	"H04"	NA	23.7333333333333	27.4	NA	NA	NA	NA	NA	NA	NA	NA	NA	NA	NA	NA	NA
"219"	"H414"	"H04"	2017-07-02	19.3	21.9	9	369	"yes"	9	369	41	NA	NA	NA	NA	NA	NA	NA
"220"	"H415"	"H04"	NA	29.7	26	NA	NA	NA	NA	NA	NA	NA	NA	NA	NA	NA	NA	NA
"221"	"H416"	"H04"	2017-06-19	33.9333333333333	39	65	2047.5	"yes"	65	2047.5	31.5	NA	NA	NA	NA	NA	NA	NA
"222"	"H417"	"H04"	NA	41.5333333333333	43.4	NA	NA	NA	NA	NA	NA	NA	NA	NA	NA	NA	NA	NA
"223"	"H418"	"H04"	2017-06-26	41.7333333333333	45.5	4	85.3333333333	"yes"	4	85.3333333333	21.333333333325	NA	NA	NA	NA	NA	NA	NA
"224"	"H419"	"H04"	NA	24.2666666666667	24.9	NA	NA	NA	NA	NA	NA	NA	NA	NA	NA	NA	NA	NA
"225"	"H42"	"H02"	NA	21.8	24.6	NA	NA	NA	NA	NA	NA	NA	NA	NA	NA	NA	NA	NA
"226"	"H420"	"H05"	2017-06-26	25.0333333333333	27	8	178	"yes"	8	178	22.25	NA	NA	NA	NA	NA	NA	NA
"227"	"H421"	"H05"	2017-06-15	23.1333333333333	25	45	1721.25	"yes"	45	1721.25	38.25	NA	NA	NA	NA	NA	NA	NA
"228"	"H422"	"H05"	2017-06-15	23.4666666666667	25.9	60	2175	"yes"	60	2175	36.25	NA	NA	NA	NA	NA	NA	NA
"229"	"H423"	"H05"	2017-06-15	24.7333333333333	32.3	15	581.25	"yes"	15	581.25	38.75	NA	NA	NA	NA	NA	NA	NA
"230"	"H424"	"H05"	2017-06-15	21.6	21.6	36	1674	"yes"	36	1674	46.5	NA	NA	NA	NA	NA	NA	NA
"231"	"H425"	"H05"	2017-06-18	20.7	21.6	26	1222	"yes"	26	1222	47	NA	NA	NA	NA	NA	NA	NA
"232"	"H426"	"H05"	2017-07-25	21.2666666666667	21.2	NA	NA	NA	0	0	NA	NA	NA	NA	NA	NA	NA	NA
"233"	"H427"	"H05"	2017-06-26	20.3333333333333	20.4	5	210	"yes"	5	210	42	NA	NA	NA	NA	NA	NA	NA
"234"	"H428"	"H05"	NA	20.1333333333333	20.8	NA	NA	NA	NA	NA	NA	NA	NA	NA	NA	NA	NA	NA
"235"	"H429"	"H05"	2017-06-22	19.8333333333333	21.6	17	731	"yes"	17	731	43	NA	NA	NA	NA	NA	NA	NA
"236"	"H43"	"H02"	NA	15.7333333333333	16	NA	NA	NA	NA	NA	NA	NA	NA	NA	NA	NA	NA	NA
"237"	"H430"	"H05"	2017-06-29	19.8666666666667	20.6	NA	NA	NA	0	0	NA	NA	NA	NA	NA	NA	NA	NA
"238"	"H431"	"H05"	2017-07-18	20.4	21.1	NA	NA	NA	0	0	NA	NA	NA	NA	NA	NA	NA	NA
"239"	"H432"	"H05"	2017-07-02	19.7666666666667	23.4	58	2639	"yes"	58	2639	45.5	NA	NA	NA	NA	NA	NA	NA
"240"	"H433"	"H05"	2017-06-26	21.6666666666667	22.7	33	1328.25	"yes"	33	1328.25	40.25	NA	NA	NA	NA	NA	NA	NA
"241"	"H434"	"H05"	2017-07-09	20.9333333333333	21.4	23	1004.3333333333	"yes"	23	1004.3333333333	43.6666666666652	NA	NA	NA	NA	NA	NA	NA
"242"	"H435"	"H05"	2017-06-26	22.0333333333333	23.7	30	1267.5	"yes"	30	1267.5	42.25	NA	NA	NA	NA	NA	NA	NA
"243"	"H436"	"H05"	NA	21.3666666666667	23.3	NA	NA	NA	NA	NA	NA	NA	NA	NA	NA	NA	NA	NA
"244"	"H437"	"H05"	2017-07-02	24.3333333333333	26.5	5	58.3333333333	"yes"	5	58.3333333333	11.66666666666	NA	NA	NA	NA	NA	NA	NA
"245"	"H438"	"H05"	2017-07-02	18.9	19.3	13	325	"yes"	13	325	25	NA	NA	NA	NA	NA	NA	NA
"246"	"H439"	"H05"	2017-07-09	20.7	20.6	51	1249.5	"yes"	51	1249.5	24.5	NA	NA	NA	NA	NA	NA	NA
"247"	"H44"	"H02"	NA	12.65	10.7	NA	NA	NA	NA	NA	NA	NA	NA	NA	NA	NA	NA	NA
"248"	"H440"	"H05"	2017-06-26	17.9	19.5	10	250	"yes"	10	250	25	NA	NA	NA	NA	NA	NA	NA
"249"	"H441"	"H05"	2017-06-26	20.5	22	11	418	"yes"	11	418	38	NA	NA	NA	NA	NA	NA	NA
"250"	"H442"	"H05"	2017-07-02	20.5333333333333	21.4	NA	NA	"no"	0	0	NA	NA	NA	NA	NA	NA	NA	NA
"251"	"H443"	"H05"	2017-06-26	20.7	23.6	NA	NA	"no"	0	0	NA	NA	NA	NA	NA	NA	NA	NA
"252"	"H444"	"H05"	2017-07-09	21.4	24.1	NA	NA	NA	0	0	NA	NA	NA	NA	NA	NA	NA	NA
"253"	"H445"	"H05"	NA	20.9	21.5	NA	NA	NA	NA	NA	NA	NA	NA	NA	NA	NA	NA	NA
"254"	"H446"	"H05"	2017-06-26	20	21	5	87.5	"yes"	5	87.5	17.5	NA	NA	NA	NA	NA	NA	NA
"255"	"H447"	"H05"	2017-07-13	20.2333333333333	22	NA	NA	NA	0	0	NA	NA	NA	NA	NA	NA	NA	NA
"256"	"H448"	"H05"	2017-06-26	20.2333333333333	21.2	21	1108.8	"yes"	21	1108.8	52.8	NA	NA	NA	NA	NA	NA	NA
"257"	"H449"	"H05"	2017-06-15	21.0333333333333	21.2	28	1344	"yes"	28	1344	48	NA	NA	NA	NA	NA	NA	NA
"258"	"H45"	"H02"	2017-07-10	11.9333333333333	11	3	114	"yes"	3	114	38	NA	NA	NA	NA	NA	NA	NA
"259"	"H46"	"H02"	NA	13.3333333333333	13.4	NA	NA	NA	NA	NA	NA	NA	NA	NA	NA	NA	NA	NA
"260"	"H47"	"H02"	2017-07-03	12.7333333333333	12.6	4	154.6666666667	"yes"	4	154.6666666667	38.666666666675	NA	NA	NA	NA	NA	NA	NA
"261"	"H48"	"H02"	2017-06-26	14.3666666666667	16.3	14	416.5	"yes"	14	416.5	29.75	NA	NA	NA	NA	NA	NA	NA
"262"	"H49"	"H02"	2017-06-12	14.1	16.4	19	337.25	"yes"	19	337.25	17.75	NA	NA	NA	NA	NA	NA	NA
"263"	"H5"	"H01"	2017-06-12	29	31	4	106	"yes"	4	106	26.5	2	9	1	32	87	4.5	56.5486677646163
"264"	"H50"	"H02"	2017-06-26	15.1333333333333	17.7	2	80	"yes"	2	80	40	NA	NA	NA	NA	NA	NA	NA
"265"	"H51"	"H02"	NA	16.8666666666667	20.7	NA	NA	NA	NA	NA	NA	NA	NA	NA	NA	NA	NA	NA
"266"	"H52"	"H02"	2017-06-30	16.4	20.5	6	64	"yes"	6	64	10.6666666666667	NA	NA	NA	NA	NA	NA	NA
"267"	"H53"	"H02"	2017-07-31	16.0666666666667	19.6	7	138.25	"yes"	7	138.25	19.75	NA	NA	NA	NA	NA	NA	NA
"268"	"H54"	"H02"	2017-07-03	14	15.8	5	170	"yes"	5	170	34	NA	NA	NA	NA	NA	NA	NA
"269"	"H55"	"H02"	2017-06-26	18.7	20.9	3	97.5	"yes"	3	97.5	32.5	NA	NA	NA	NA	NA	NA	NA
"270"	"H56"	"H02"	2017-06-26	18.9666666666667	22.6	25	918.75	"yes"	25	918.75	36.75	NA	NA	NA	NA	NA	NA	NA
"271"	"H57"	"H02"	2017-06-26	21.5666666666667	24.7	NA	NA	NA	0	0	NA	NA	NA	NA	NA	NA	NA	NA
"272"	"H58"	"H02"	NA	15.4333333333333	15.7	NA	NA	NA	NA	NA	NA	NA	NA	NA	NA	NA	NA	NA
"273"	"H59"	"H02"	NA	11.7666666666667	10.8	NA	NA	NA	NA	NA	NA	NA	NA	NA	NA	NA	NA	NA
"274"	"H6"	"H01"	2017-06-27	27.3666666666667	28	NA	NA	NA	0	0	NA	64	47	2	32	54	1.35	9449.9107019981
"275"	"H60"	"H02"	2017-07-10	13.3666666666667	12.8	NA	NA	NA	0	0	NA	NA	NA	NA	NA	NA	NA	NA
"276"	"H61"	"H03"	2017-06-21	10.3333333333333	10.1	76	3420	"yes"	76	3420	45	NA	NA	NA	NA	NA	NA	NA
"277"	"H62"	"H03"	2017-06-21	10.5333333333333	10.4	184	6578	"yes"	184	6578	35.75	NA	NA	NA	NA	NA	NA	NA
"278"	"H63"	"H03"	2017-07-03	11.0666666666667	11	530	17490	"yes"	530	17490	33	NA	NA	NA	NA	NA	NA	NA
"279"	"H64"	"H03"	NA	11.6	11.3	NA	NA	NA	NA	NA	NA	NA	NA	NA	NA	NA	NA	NA
"280"	"H65"	"H03"	2017-06-27	12.0666666666667	12.2	18	882	"yes"	18	882	49	NA	NA	NA	NA	NA	NA	NA
"281"	"H66"	"H03"	NA	11.8333333333333	11.4	NA	NA	NA	NA	NA	NA	NA	NA	NA	NA	NA	NA	NA
"282"	"H67"	"H03"	2017-07-03	11.6	11.1	10	257.5	"yes"	10	257.5	25.75	NA	NA	NA	NA	NA	NA	NA
"283"	"H68"	"H03"	2017-06-21	10.4333333333333	10.1	37	999	"yes"	37	999	27	NA	NA	NA	NA	NA	NA	NA
"284"	"H69"	"H03"	2017-06-27	11.3	11	NA	NA	NA	0	0	NA	NA	NA	NA	NA	NA	NA	NA
"285"	"H7"	"H01"	2017-06-21	29.1666666666667	29.4	3	105	"yes"	3	105	35	55	32	1	32	83	4	5529.20307031804
"286"	"H70"	"H03"	2017-06-21	10.7666666666667	10.4	53	2093.5	"yes"	53	2093.5	39.5	NA	NA	NA	NA	NA	NA	NA
"287"	"H71"	"H03"	2017-06-21	10.4333333333333	10	NA	NA	NA	0	0	NA	NA	NA	NA	NA	NA	NA	NA
"288"	"H72"	"H03"	2017-06-21	10.9666666666667	10.7	NA	NA	NA	0	0	NA	NA	NA	NA	NA	NA	NA	NA
"289"	"H73"	"H03"	2017-07-03	11.0666666666667	11	NA	NA	"no"	0	0	NA	NA	NA	NA	NA	NA	NA	NA
"290"	"H74"	"H03"	2017-06-27	10.5	10.6	275	7012.5	"yes"	275	7012.5	25.5	NA	NA	NA	NA	NA	NA	NA
"291"	"H75"	"H03"	2017-06-21	11.8666666666667	12.3	55	1925	"yes"	55	1925	35	NA	NA	NA	NA	NA	NA	NA
"292"	"H76"	"H03"	2017-07-13	11.9	12.1	NA	NA	"no"	0	0	NA	NA	NA	NA	NA	NA	NA	NA
"293"	"H77"	"H03"	NA	12.0333333333333	12.4	NA	NA	NA	NA	NA	NA	NA	NA	NA	NA	NA	NA	NA
"294"	"H78"	"H03"	2017-06-21	9.53333333333333	9.4	37	1313.5	"yes"	37	1313.5	35.5	NA	NA	NA	NA	NA	NA	NA
"295"	"H79"	"H03"	2017-06-12	9.43333333333333	9.1	17	340	"yes"	17	340	20	NA	NA	NA	NA	NA	NA	NA
"296"	"H8"	"H01"	2017-06-21	27.3	29	4	150	"yes"	4	150	37.5	67	51	3	42	112	4.87	10734.8220973163
"297"	"H80"	"H03"	2017-06-27	9.26666666666667	9.1	14	549.5	"yes"	14	549.5	39.25	NA	NA	NA	NA	NA	NA	NA
"298"	"H800"	"H10"	2017-06-26	22.0666666666667	21.6	4	178	"yes"	4	178	44.5	81	51	1	32	13	10.4	12977.9192519794
"299"	"H801"	"H10"	NA	19.2666666666667	19.4	NA	NA	NA	NA	NA	NA	54	38	0	1	71	3	6446.54812516626
"300"	"H802"	"H10"	2017-06-19	18.3333333333333	16.6	3	112.5	"yes"	3	112.5	37.5	55	42	2	39	120	7.85	7257.07902979242
"301"	"H803"	"H10"	NA	20.1333333333333	20	NA	NA	NA	NA	NA	NA	NA	NA	NA	NA	NA	NA	NA
"302"	"H804"	"H10"	2017-06-30	20.7333333333333	20.2	4	100	"yes"	4	100	25	73	57	2	44	130	7.35	13072.1670315871
"303"	"H805"	"H10"	NA	22.7	20.4	NA	NA	NA	NA	NA	NA	NA	NA	NA	NA	NA	NA	NA
"304"	"H806"	"H13"	2017-07-03	20.1	19.3	NA	NA	NA	0	0	NA	48	6	2	37	112	6.5	904.77868423386
"305"	"H807"	"H13"	2017-07-03	22.0333333333333	20.7	NA	NA	NA	0	0	NA	29	6	1	15	105	6.4	546.637121724624
"306"	"H808"	"H13"	NA	21.1666666666667	19	NA	NA	NA	NA	NA	NA	71	51	0	1	89	2	11375.7069986486
"307"	"H809"	"H13"	2017-06-26	23.9	21.8	7	108.5	"yes"	7	108.5	15.5	71	57	2	42	12	6.9	12714.0254690779
"308"	"H81"	"H03"	2017-06-27	9.26666666666667	9.2	NA	NA	NA	0	0	NA	NA	NA	NA	NA	NA	NA	NA
"309"	"H810"	"H13"	2017-06-22	23.3333333333333	20.3	10	275	"yes"	10	275	27.5	34	27	2	42	107	6.4	2883.98205599543
"310"	"H811"	"H13"	2017-06-26	24.5666666666667	22.6	8	160	"yes"	8	160	20	55	46	4	6	130	7	7948.22941358218
"311"	"H812"	"H13"	2017-06-30	26.4333333333333	28	NA	NA	NA	0	0	NA	14	22	14	11	18	8	967.610537305656
"312"	"H813"	"H13"	2017-06-26	25.5666666666667	23.7	22	220	"yes"	22	220	10	18	22	68	43	28	10	1244.07069082156
"313"	"H814"	"H13"	2017-07-03	25.1	23.1	7	172.6666666667	"yes"	7	172.6666666667	24.6666666666714	71	62	2	39	18	9	13829.2908611023
"314"	"H815"	"H13"	2017-06-15	25.5333333333333	23.6	119	1606.5	"yes"	119	1606.5	13.5	27	73	20	40	44	9	6192.07912022548
"315"	"H816"	"H13"	2017-06-15	21.7666666666667	19.9	24	888	"yes"	24	888	37	16	22	7	19	129	5	1105.84061406361
"316"	"H817"	"H13"	2017-06-19	23.5333333333333	23.7	15	318.75	"yes"	15	318.75	21.25	76	62	5	8	121	7	14803.1845837151
"317"	"H818"	"H13"	2017-06-15	21.5	21	12	489	"yes"	12	489	40.75	15	72	6	42	117	5.5083333333	3392.92006587698
"318"	"H819"	"H13"	2017-06-05	22.5333333333333	23	6	234	"yes"	6	234	39	48	42	2	27	108	12.5	6333.45078963702
"319"	"H82"	"H03"	2017-06-21	12	12	NA	NA	"no"	0	0	NA	NA	NA	NA	NA	NA	NA	NA
"320"	"H820"	"H13"	2017-06-12	23.8666666666667	23	29	435	"yes"	29	435	15	73	59	7	26	19	8	13530.8395590112
"321"	"H821"	"H13"	2017-06-26	22.2	22.4	21	971.25	"yes"	21	971.25	46.25	80	71	6	16	120	6	17844.24627239
"322"	"H822"	"H13"	2017-06-12	25.2666666666667	25.7	19	897.75	"yes"	19	897.75	47.25	18	73	10	21	124	6	4128.05274681699
"323"	"H823"	"H13"	2017-06-22	24.3333333333333	24.8	NA	NA	NA	0	0	NA	71	51	1	32	102	6	11375.7069986486
"324"	"H824"	"H13"	2017-06-26	28.2333333333333	25.7	2	76	"yes"	2	76	38	71	57	1	24	106	6.5	12714.0254690779
"325"	"H825"	"H13"	2017-07-03	36.4333333333333	36.2	NA	NA	NA	0	0	NA	NA	NA	NA	NA	NA	NA	NA
"326"	"H826"	"H13"	NA	20.1333333333333	18	NA	NA	NA	NA	NA	NA	40	38	0	1	65	2.5	4775.22083345649
"327"	"H827"	"H13"	2017-06-19	21.8666666666667	21.2	NA	NA	NA	0	0	NA	55	42	3	42	39	9.5666666667	7257.07902979242
"328"	"H828"	"H13"	2017-06-19	21.9666666666667	21.5	4	141.3333333333	"yes"	4	141.3333333333	35.333333333325	76	66	2	38	109	3.95	15758.2287504064
"329"	"H829"	"H13"	2017-06-12	25.8333333333333	26	32	1192	"yes"	32	1192	37.25	26	25	28	41	37	6	2042.03522483337
"330"	"H83"	"H03"	NA	11.9333333333333	12.1	NA	NA	NA	NA	NA	NA	NA	NA	NA	NA	NA	NA	NA
"331"	"H830"	"H13"	2017-06-15	22.2	22.4	14	441	"yes"	14	441	31.5	82	62	7	16	130	6	15971.8570508505
"332"	"H831"	"H13"	NA	24.2	24.2	NA	NA	NA	NA	NA	NA	NA	NA	NA	NA	NA	NA	NA
"333"	"H832"	"H13"	NA	23.8333333333333	21.8	NA	NA	NA	NA	NA	NA	29	17	0	1	82	3.5	1548.80517821977
"334"	"H833"	"H13"	2017-07-03	24.7666666666667	22	4	92	"yes"	4	92	23	29	11	1	15	116	7.6	1002.16805649514
"335"	"H834"	"HC1"	2017-07-01	7	7	4	184	"yes"	4	184	46	48	27	1	32	25	12.1	4071.50407905237
"336"	"H835"	"HC1"	2017-07-07	7.2	7.2	2	47	"yes"	2	47	23.5	45	43	1	15	112	7	6078.98178469625
"337"	"H836"	"HC1"	NA	7	7	NA	NA	NA	NA	NA	NA	69	38	0	1	119	6.5	8237.25593771244
"338"	"H837"	"HC1"	2017-06-25	7.6	7.6	43	1781.4285714286	"yes"	43	1781.4285714286	41.4285714285721	26	71	8	12	49	13	5799.38003852676
"339"	"H838"	"HC1"	2017-07-01	7	7	NA	NA	"no"	0	0	NA	31	14	1	15	86	4.4	1363.45121165797
"340"	"H839"	"HC1"	2017-06-25	7.2	7.2	82	3690	"yes"	82	3690	45	28	62	9	17	53	10	5453.80484663188
"341"	"H84"	"H03"	2017-06-27	10.1666666666667	10	NA	NA	"no"	0	0	NA	NA	NA	NA	NA	NA	NA	NA
"342"	"H840"	"HC1"	2017-06-25	7	7	11	456.5	"yes"	11	456.5	41.5	80	42	3	6	26	11.3	10555.7513160617
"343"	"H841"	"HC1"	2017-06-25	7.1	7.1	29	1348.5	"yes"	29	1348.5	46.5	18	22	7	29	50	12	1244.07069082156
"344"	"H842"	"HC1"	2017-06-25	7.1	7.1	21	1008	"yes"	21	1008	48	13	57	2	7	51	18.5	2327.92015631004
"345"	"H843"	"HC1"	2017-06-25	7	7	NA	NA	NA	0	0	NA	64	32	2	38	48	14.3	6433.9817545519
"346"	"H844"	"HC1"	2017-06-25	7	7	67	3363.4	"yes"	67	3363.4	50.2	80	57	6	25	52	14	14325.6625003695
"347"	"H845"	"HC1"	2017-06-25	7	7	34	1436.5	"yes"	34	1436.5	42.25	NA	NA	2	3	68	16.35	NA
"348"	"H846"	"HC1"	2017-06-25	7	7	11	446.6	"yes"	11	446.6	40.6	64	42	2	38	10	9.7	8444.60105284936
"349"	"H847"	"HC1"	2017-06-25	7.4	7.4	26	1209	"yes"	26	1209	46.5	49	45	1	32	10	10	6927.21180116549
"350"	"H848"	"HC1"	2017-06-25	7	7	NA	NA	"no"	0	0	NA	30	27	1	24	127	9	2544.69004940773
"351"	"H849"	"HC1"	NA	7.1	7.1	NA	NA	NA	NA	NA	NA	44	38	0	1	91	5	5252.74291680213
"352"	"H85"	"H03"	NA	11.6666666666667	11.4	NA	NA	NA	NA	NA	NA	NA	NA	NA	NA	NA	NA	NA
"353"	"H850"	"HC1"	2017-06-25	7	7	7	289.3333333333	"yes"	7	289.3333333333	41.3333333333286	21	67	4	14	69	15	4420.22086360084
"354"	"H851"	"HC1"	NA	7	7	NA	NA	NA	NA	NA	NA	NA	NA	NA	NA	NA	NA	NA
"355"	"H852"	"HC1"	2017-06-25	7.1	7.1	21	1036	"yes"	21	1036	49.3333333333333	71	51	3	14	45	14.2666666667	11375.7069986486
"356"	"H853"	"HC1"	2017-07-25	7	7	NA	NA	NA	0	0	NA	42	26	2	15	118	5	3430.61917772005
"357"	"H854"	"HC1"	2017-07-07	6.6	6.6	NA	NA	"no"	0	0	NA	64	51	1	2	114	7.2	10254.1584213171
"358"	"H855"	"HC1"	NA	6.3	6.3	NA	NA	NA	NA	NA	NA	NA	NA	NA	NA	NA	NA	NA
"359"	"H856"	"HC1"	NA	6.7	6.7	NA	NA	NA	NA	NA	NA	25	24	0	1	17	5	1884.95559215388
"360"	"H857"	"HC1"	2017-06-25	6.6	6.6	NA	NA	NA	0	0	NA	48	32	1	15	97	5.8	4825.48631591392
"361"	"H858"	"HC1"	2017-06-25	6.9	6.9	20	760	"yes"	20	760	38	24	23	13	33	41	8	1734.15914478157
"362"	"H859"	"HC1"	2017-07-01	7.2	7.2	124	4402	"yes"	124	4402	35.5	80	51	2	39	70	24.3	12817.6980266464
"363"	"H86"	"H03"	NA	11.7333333333333	11.9	NA	NA	NA	NA	NA	NA	NA	NA	NA	NA	NA	NA	NA
"364"	"H860"	"HC1"	2017-08-05	6.5	6.5	1	NA	"no"	1	NA	NA	27	60	0	1	30	7	5089.38009881546
"365"	"H861"	"HC1"	2017-07-01	7	7	NA	NA	NA	0	0	NA	21	67	2	15	92	5	4420.22086360084
"366"	"H862"	"HC1"	NA	7.5	7.5	NA	NA	NA	NA	NA	NA	71	55	2	32	133	9.1	12267.9193122681
"367"	"H863"	"HC1"	2017-06-25	7.1	7.1	3	84	"yes"	3	84	28	55	27	2	36	104	6.25	4665.26509058084
"368"	"H864"	"HC2a"	2017-06-25	6.6	6.6	2	48	"yes"	2	48	24	55	11	1	24	94	5.5	1900.66355542182
"369"	"H865"	"HC2a"	NA	6.8	6.8	NA	NA	NA	NA	NA	NA	10	17	0	1	8	1.7	534.070751110265
"370"	"H866"	"HC2a"	2017-07-07	7	7	6	207	"yes"	6	207	34.5	44	11	1	32	11	10.1	1520.53084433746
"371"	"H867"	"HC2a"	NA	6.8	6.8	NA	NA	NA	NA	NA	NA	68	39	0	1	101	4.5	8331.50371732013
"372"	"H868"	"HC2a"	NA	7.2	7.2	NA	NA	NA	NA	NA	NA	70	49	0	1	67	2	10775.662801813
"373"	"H869"	"HC2a"	2017-06-25	7	7	NA	NA	"no"	0	0	NA	29	13	1	24	106	6.5	1184.38043040335
"374"	"H87"	"H03"	2017-06-21	11	10.7	NA	NA	NA	0	0	NA	NA	NA	NA	NA	NA	NA	NA
"375"	"H870"	"HC2a"	2017-07-01	7.4	7.4	3	72	"yes"	3	72	24	76	51	2	24	95	5	12176.813125314
"376"	"H871"	"HC2a"	2017-07-01	7	7	6	189	"yes"	6	189	31.5	80	57	3	38	27	10.6	14325.6625003695
"377"	"H872"	"HC2a"	2017-06-25	7.6	7.6	9	288	"yes"	9	288	32	80	62	4	42	131	7	15582.2995618054
"378"	"H873"	"HC2a"	2017-06-25	8	8	4	86.6666666667	"yes"	4	86.6666666667	21.666666666675	71	42	2	38	123	8.5	9368.22929300476
"379"	"H874"	"HC2a"	2017-07-01	6.7	6.7	2	57	"yes"	2	57	28.5	59	42	1	24	128	9.3	7784.86659559551
"380"	"H875"	"HC2a"	2017-07-01	7.3	7.3	3	83	"yes"	3	83	27.6666666666667	64	32	1	24	105	6.4	6433.9817545519
"381"	"H876"	"HC2a"	NA	8.3	8.3	NA	NA	NA	NA	NA	NA	20	61	0	1	90	3	3832.74303737955
"382"	"H877"	"HC2a"	NA	8	8	NA	NA	NA	NA	NA	NA	70	37	0	1	67	2.75	8136.72497279756
"383"	"H878"	"HC2a"	2017-06-25	8	8	25	968.75	"yes"	25	968.75	38.75	80	62	7	31	34	10	15582.2995618054
"384"	"H879"	"HC2a"	2017-07-01	7.8	7.8	12	453	"yes"	12	453	37.75	75	55	4	8	23	8	12959.0696960579
"385"	"H88"	"H03"	2017-06-21	9.73333333333333	9.6	NA	NA	"no"	0	0	NA	NA	NA	NA	NA	NA	NA	NA
"386"	"H880"	"HC2a"	2017-06-25	7.6	7.6	6	108	"yes"	6	108	18	80	51	3	5	22	9.9	12817.6980266464
"387"	"H881"	"HC2a"	2017-06-25	7.8	7.8	14	182	"yes"	14	182	13	55	51	3	6	21	8.5	8812.16739331937
"388"	"H882"	"HC2a"	2017-07-01	7.4	7.4	15	660	"yes"	15	660	44	56	28	2	6	22	9.5	4926.0172808288
"389"	"H883"	"HC2a"	2017-07-01	7.6	7.6	24	908	"yes"	24	908	37.8333333333333	80	62	5	14	13	8	15582.2995618054
"390"	"H884"	"HC2a"	2017-06-25	8.1	8.1	2	27	"yes"	2	27	13.5	29	12	1	24	124	8.7	1093.27424344925
"391"	"H885"	"HC2a"	2017-06-25	7.6	7.6	14	509.6	"yes"	14	509.6	36.4	13	71	6	20	20	8	2899.69001926338
"392"	"H886"	"HC2b"	NA	8	8	NA	NA	NA	NA	NA	NA	38	21	0	1	9	1.8	2506.99093756465
"393"	"H887"	"HC2b"	2017-07-12	6.7	6.7	NA	NA	NA	0	0	NA	12	20	0	1	54	2	753.98223686155
"394"	"H888"	"HC2b"	NA	9.8	9.8	NA	NA	NA	NA	NA	NA	NA	NA	NA	NA	NA	NA	NA
"395"	"H889"	"HC2b"	2017-06-25	9.2	9.2	11	292.2857142857	"yes"	11	292.2857142857	26.5714285714273	79	57	3	7	131	7.7	14146.5917191148
"396"	"H89"	"H03"	2017-06-12	9.93333333333333	9.9	NA	NA	NA	0	0	NA	NA	NA	NA	NA	NA	NA	NA
"397"	"H890"	"HC2b"	NA	9	9	NA	NA	NA	NA	NA	NA	39	35	0	1	8	1.5	4288.27397215007
"398"	"H891"	"HC2b"	2017-07-01	9	9	NA	NA	"no"	0	0	NA	1	4	1	15	59	2.6	12.5663706143592
"399"	"H892"	"HC2b"	2017-06-25	8.6	8.6	17	578	"yes"	17	578	34	71	53	4	6	106	5.5	11821.8131554584
"400"	"H893"	"HC2b"	NA	8.7	8.7	NA	NA	NA	NA	NA	NA	50	36	0	1	8	1.65	5654.86677646163
"401"	"H894"	"HC4"	2017-06-25	6.5	6.5	NA	NA	NA	0	0	NA	NA	NA	NA	NA	NA	NA	NA
"402"	"H895"	"HC4"	2017-07-01	6.3	6.3	12	447	"yes"	12	447	37.25	71	50	4	13	36	10	11152.6539202438
"403"	"H896"	"HC4"	2017-06-25	4.1	4.1	NA	NA	"no"	0	0	NA	29	6	2	15	100	4.7	546.637121724624
"404"	"H897"	"HC4"	NA	5.8	5.8	NA	NA	NA	NA	NA	NA	NA	NA	NA	NA	NA	NA	NA
"405"	"H898"	"HC4"	2017-07-01	5.7	5.7	4	150	"yes"	4	150	37.5	76	62	6	14	128	8	14803.1845837151
"406"	"H899"	"HC4"	2017-07-04	5.2	5.2	2	40	"yes"	2	40	20	7	27	1	15	103	6.2	593.761011528471
"407"	"H9"	"H01"	NA	27.5	28.4	NA	NA	NA	NA	NA	NA	31	14	0	1	54	2	1363.45121165797
"408"	"H90"	"H03"	2017-06-21	9.63333333333333	9.5	33	1056	"yes"	33	1056	32	NA	NA	NA	NA	NA	NA	NA
"409"	"H91"	"H04"	2017-06-19	30.9333333333333	31.4	4	48	"yes"	4	48	12	NA	NA	NA	NA	NA	NA	NA
"410"	"H92"	"H04"	2017-07-02	37.3666666666667	44	2	68	"yes"	2	68	34	NA	NA	NA	NA	NA	NA	NA
"411"	"H93"	"H04"	2017-06-26	33.9333333333333	38	31	968.75	"yes"	31	968.75	31.25	NA	NA	NA	NA	NA	NA	NA
"412"	"H94"	"H04"	NA	21.2666666666667	25.5	NA	NA	NA	NA	NA	NA	NA	NA	NA	NA	NA	NA	NA
"413"	"H95"	"H04"	NA	23.4666666666667	27.9	NA	NA	NA	NA	NA	NA	NA	NA	NA	NA	NA	NA	NA
"414"	"H96"	"H04"	2017-06-26	16.6	17	NA	NA	"no"	0	0	NA	NA	NA	NA	NA	NA	NA	NA
"415"	"H97"	"H04"	NA	20	20.3	NA	NA	NA	NA	NA	NA	NA	NA	NA	NA	NA	NA	NA
"416"	"H98"	"H04"	NA	20.3666666666667	21.1	NA	NA	NA	NA	NA	NA	NA	NA	NA	NA	NA	NA	NA
"417"	"H99"	"H04"	2017-06-26	19.1	20.6	3	107	"yes"	3	107	35.6666666666667	NA	NA	NA	NA	NA	NA	NA
